5.6 10269.4
5.60013 10271.5
5.60026 10273.5
5.6004 10275.5
5.60053 10277.5
5.60066 10279.6
5.60079 10281.6
5.60093 10283.6
5.60106 10285.6
5.60119 10287.7
5.60132 10289.7
5.60146 10291.8
5.60159 10293.8
5.60172 10295.8
5.60185 10297.9
5.60199 10299.9
5.60212 10302
5.60225 10304
5.60238 10306
5.60252 10308.1
5.60265 10310.1
5.60278 10312.2
5.60291 10314.2
5.60304 10316.3
5.60318 10318.4
5.60331 10320.4
5.60344 10322.5
5.60357 10324.5
5.60371 10326.6
5.60384 10328.6
5.60397 10330.7
5.6041 10332.8
5.60424 10334.8
5.60437 10336.9
5.6045 10339
5.60463 10341
5.60477 10343.1
5.6049 10345.2
5.60503 10347.2
5.60516 10349.3
5.6053 10351.4
5.60543 10353.4
5.60556 10355.5
5.60569 10357.6
5.60582 10359.7
5.60596 10361.7
5.60609 10363.8
5.60622 10365.9
5.60635 10368
5.60649 10370.1
5.60662 10372.1
5.60675 10374.2
5.60688 10376.3
5.60702 10378.4
5.60715 10380.5
5.60728 10382.6
5.60741 10384.6
5.60755 10386.7
5.60768 10388.8
5.60781 10390.9
5.60794 10393
5.60808 10395.1
5.60821 10397.2
5.60834 10399.3
5.60847 10401.4
5.6086 10403.5
5.60874 10405.5
5.60887 10407.6
5.609 10409.7
5.60913 10411.8
5.60927 10413.9
5.6094 10416
5.60953 10418.1
5.60966 10420.2
5.6098 10422.3
5.60993 10424.4
5.61006 10426.5
5.61019 10428.6
5.61033 10430.7
5.61046 10432.8
5.61059 10434.9
5.61072 10437
5.61085 10439.1
5.61099 10441.3
5.61112 10443.4
5.61125 10445.5
5.61138 10447.6
5.61152 10449.7
5.61165 10451.8
5.61178 10453.9
5.61191 10456
5.61205 10458.1
5.61218 10460.2
5.61231 10462.3
5.61244 10464.4
5.61258 10466.5
5.61271 10468.7
5.61284 10470.8
5.61297 10472.9
5.61311 10475
5.61324 10477.1
5.61337 10479.2
5.6135 10481.3
5.61363 10483.4
5.61377 10485.6
5.6139 10487.7
5.61403 10489.8
5.61416 10491.9
5.6143 10494
5.61443 10496.1
5.61456 10498.2
5.61469 10500.3
5.61483 10502.5
5.61496 10504.6
5.61509 10506.7
5.61522 10508.8
5.61536 10510.9
5.61549 10513
5.61562 10515.2
5.61575 10517.3
5.61589 10519.4
5.61602 10521.5
5.61615 10523.6
5.61628 10525.7
5.61641 10527.8
5.61655 10530
5.61668 10532.1
5.61681 10534.2
5.61694 10536.3
5.61708 10538.4
5.61721 10540.5
5.61734 10542.7
5.61747 10544.8
5.61761 10546.9
5.61774 10549
5.61787 10551.1
5.618 10553.2
5.61814 10555.4
5.61827 10557.5
5.6184 10559.6
5.61853 10561.7
5.61867 10563.8
5.6188 10565.9
5.61893 10568
5.61906 10570.2
5.61919 10572.3
5.61933 10574.4
5.61946 10576.5
5.61959 10578.6
5.61972 10580.7
5.61986 10582.8
5.61999 10584.9
5.62012 10587.1
5.62025 10589.2
5.62039 10591.3
5.62052 10593.4
5.62065 10595.5
5.62078 10597.6
5.62092 10599.7
5.62105 10601.8
5.62118 10603.9
5.62131 10606
5.62145 10608.2
5.62158 10610.3
5.62171 10612.4
5.62184 10614.5
5.62197 10616.6
5.62211 10618.7
5.62224 10620.8
5.62237 10622.9
5.6225 10625
5.62264 10627.1
5.62277 10629.2
5.6229 10631.3
5.62303 10633.4
5.62317 10635.5
5.6233 10637.6
5.62343 10639.7
5.62356 10641.8
5.6237 10643.9
5.62383 10646
5.62396 10648.1
5.62409 10650.2
5.62423 10652.3
5.62436 10654.4
5.62449 10656.5
5.62462 10658.6
5.62475 10660.7
5.62489 10662.8
5.62502 10664.9
5.62515 10667
5.62528 10669.1
5.62542 10671.1
5.62555 10673.2
5.62568 10675.3
5.62581 10677.4
5.62595 10679.5
5.62608 10681.6
5.62621 10683.7
5.62634 10685.7
5.62648 10687.8
5.62661 10689.9
5.62674 10692
5.62687 10694.1
5.62701 10696.2
5.62714 10698.2
5.62727 10700.3
5.6274 10702.4
5.62753 10704.5
5.62767 10706.5
5.6278 10708.6
5.62793 10710.7
5.62806 10712.8
5.6282 10714.8
5.62833 10716.9
5.62846 10719
5.62859 10721
5.62873 10723.1
5.62886 10725.2
5.62899 10727.2
5.62912 10729.3
5.62926 10731.3
5.62939 10733.4
5.62952 10735.5
5.62965 10737.5
5.62978 10739.6
5.62992 10741.6
5.63005 10743.7
5.63018 10745.7
5.63031 10747.8
5.63045 10749.9
5.63058 10751.9
5.63071 10753.9
5.63084 10756
5.63098 10758
5.63111 10760.1
5.63124 10762.1
5.63137 10764.2
5.63151 10766.2
5.63164 10768.3
5.63177 10770.3
5.6319 10772.3
5.63204 10774.4
5.63217 10776.4
5.6323 10778.4
5.63243 10780.5
5.63256 10782.5
5.6327 10784.5
5.63283 10786.5
5.63296 10788.6
5.63309 10790.6
5.63323 10792.6
5.63336 10794.6
5.63349 10796.7
5.63362 10798.7
5.63376 10800.7
5.63389 10802.7
5.63402 10804.7
5.63415 10806.7
5.63429 10808.7
5.63442 10810.7
5.63455 10812.7
5.63468 10814.8
5.63482 10816.8
5.63495 10818.8
5.63508 10820.8
5.63521 10822.8
5.63534 10824.8
5.63548 10826.7
5.63561 10828.7
5.63574 10830.7
5.63587 10832.7
5.63601 10834.7
5.63614 10836.7
5.63627 10838.7
5.6364 10840.7
5.63654 10842.6
5.63667 10844.6
5.6368 10846.6
5.63693 10848.6
5.63707 10850.5
5.6372 10852.5
5.63733 10854.5
5.63746 10856.5
5.6376 10858.4
5.63773 10860.4
5.63786 10862.3
5.63799 10864.3
5.63812 10866.3
5.63826 10868.2
5.63839 10870.2
5.63852 10872.1
5.63865 10874.1
5.63879 10876
5.63892 10878
5.63905 10879.9
5.63918 10881.9
5.63932 10883.8
5.63945 10885.7
5.63958 10887.7
5.63971 10889.6
5.63985 10891.5
5.63998 10893.5
5.64011 10895.4
5.64024 10897.3
5.64038 10899.2
5.64051 10901.2
5.64064 10903.1
5.64077 10905
5.6409 10906.9
5.64104 10908.8
5.64117 10910.7
5.6413 10912.7
5.64143 10914.6
5.64157 10916.5
5.6417 10918.4
5.64183 10920.3
5.64196 10922.2
5.6421 10924.1
5.64223 10925.9
5.64236 10927.8
5.64249 10929.7
5.64263 10931.6
5.64276 10933.5
5.64289 10935.4
5.64302 10937.2
5.64316 10939.1
5.64329 10941
5.64342 10942.9
5.64355 10944.7
5.64368 10946.6
5.64382 10948.5
5.64395 10950.3
5.64408 10952.2
5.64421 10954
5.64435 10955.9
5.64448 10957.7
5.64461 10959.6
5.64474 10961.4
5.64488 10963.3
5.64501 10965.1
5.64514 10967
5.64527 10968.8
5.64541 10970.6
5.64554 10972.5
5.64567 10974.3
5.6458 10976.1
5.64593 10977.9
5.64607 10979.8
5.6462 10981.6
5.64633 10983.4
5.64646 10985.2
5.6466 10987
5.64673 10988.8
5.64686 10990.6
5.64699 10992.4
5.64713 10994.2
5.64726 10996
5.64739 10997.8
5.64752 10999.6
5.64766 11001.4
5.64779 11003.2
5.64792 11005
5.64805 11006.7
5.64819 11008.5
5.64832 11010.3
5.64845 11012
5.64858 11013.8
5.64871 11015.6
5.64885 11017.3
5.64898 11019.1
5.64911 11020.9
5.64924 11022.6
5.64938 11024.4
5.64951 11026.1
5.64964 11027.8
5.64977 11029.6
5.64991 11031.3
5.65004 11033.1
5.65017 11034.8
5.6503 11036.5
5.65044 11038.2
5.65057 11040
5.6507 11041.7
5.65083 11043.4
5.65097 11045.1
5.6511 11046.8
5.65123 11048.5
5.65136 11050.2
5.65149 11051.9
5.65163 11053.6
5.65176 11055.3
5.65189 11057
5.65202 11058.7
5.65216 11060.4
5.65229 11062.1
5.65242 11063.7
5.65255 11065.4
5.65269 11067.1
5.65282 11068.8
5.65295 11070.4
5.65308 11072.1
5.65322 11073.7
5.65335 11075.4
5.65348 11077.1
5.65361 11078.7
5.65375 11080.3
5.65388 11082
5.65401 11083.6
5.65414 11085.3
5.65427 11086.9
5.65441 11088.5
5.65454 11090.1
5.65467 11091.8
5.6548 11093.4
5.65494 11095
5.65507 11096.6
5.6552 11098.2
5.65533 11099.8
5.65547 11101.4
5.6556 11103
5.65573 11104.6
5.65586 11106.2
5.656 11107.8
5.65613 11109.4
5.65626 11111
5.65639 11112.5
5.65653 11114.1
5.65666 11115.7
5.65679 11117.2
5.65692 11118.8
5.65705 11120.3
5.65719 11121.9
5.65732 11123.5
5.65745 11125
5.65758 11126.5
5.65772 11128.1
5.65785 11129.6
5.65798 11131.1
5.65811 11132.7
5.65825 11134.2
5.65838 11135.7
5.65851 11137.2
5.65864 11138.7
5.65878 11140.3
5.65891 11141.8
5.65904 11143.3
5.65917 11144.8
5.65931 11146.3
5.65944 11147.7
5.65957 11149.2
5.6597 11150.7
5.65983 11152.2
5.65997 11153.7
5.6601 11155.1
5.66023 11156.6
5.66036 11158.1
5.6605 11159.5
5.66063 11161
5.66076 11162.4
5.66089 11163.9
5.66103 11165.3
5.66116 11166.7
5.66129 11168.2
5.66142 11169.6
5.66156 11171
5.66169 11172.5
5.66182 11173.9
5.66195 11175.3
5.66209 11176.7
5.66222 11178.1
5.66235 11179.5
5.66248 11180.9
5.66261 11182.3
5.66275 11183.7
5.66288 11185.1
5.66301 11186.4
5.66314 11187.8
5.66328 11189.2
5.66341 11190.6
5.66354 11191.9
5.66367 11193.3
5.66381 11194.6
5.66394 11196
5.66407 11197.3
5.6642 11198.7
5.66434 11200
5.66447 11201.3
5.6646 11202.7
5.66473 11204
5.66486 11205.3
5.665 11206.6
5.66513 11207.9
5.66526 11209.3
5.66539 11210.6
5.66553 11211.9
5.66566 11213.1
5.66579 11214.4
5.66592 11215.7
5.66606 11217
5.66619 11218.3
5.66632 11219.5
5.66645 11220.8
5.66659 11222.1
5.66672 11223.3
5.66685 11224.6
5.66698 11225.8
5.66712 11227.1
5.66725 11228.3
5.66738 11229.6
5.66751 11230.8
5.66764 11232
5.66778 11233.2
5.66791 11234.5
5.66804 11235.7
5.66817 11236.9
5.66831 11238.1
5.66844 11239.3
5.66857 11240.5
5.6687 11241.7
5.66884 11242.9
5.66897 11244
5.6691 11245.2
5.66923 11246.4
5.66937 11247.6
5.6695 11248.7
5.66963 11249.9
5.66976 11251
5.6699 11252.2
5.67003 11253.3
5.67016 11254.5
5.67029 11255.6
5.67042 11256.8
5.67056 11257.9
5.67069 11259
5.67082 11260.1
5.67095 11261.2
5.67109 11262.4
5.67122 11263.5
5.67135 11264.6
5.67148 11265.7
5.67162 11266.8
5.67175 11267.9
5.67188 11269
5.67201 11270
5.67215 11271.1
5.67228 11272.2
5.67241 11273.3
5.67254 11274.3
5.67268 11275.4
5.67281 11276.5
5.67294 11277.5
5.67307 11278.6
5.6732 11279.6
5.67334 11280.7
5.67347 11281.7
5.6736 11282.7
5.67373 11283.8
5.67387 11284.8
5.674 11285.8
5.67413 11286.8
5.67426 11287.9
5.6744 11288.9
5.67453 11289.9
5.67466 11290.9
5.67479 11291.9
5.67493 11292.9
5.67506 11293.9
5.67519 11294.9
5.67532 11295.8
5.67546 11296.8
5.67559 11297.8
5.67572 11298.8
5.67585 11299.7
5.67598 11300.7
5.67612 11301.7
5.67625 11302.6
5.67638 11303.6
5.67651 11304.5
5.67665 11305.5
5.67678 11306.4
5.67691 11307.4
5.67704 11308.3
5.67718 11309.2
5.67731 11310.2
5.67744 11311.1
5.67757 11312
5.67771 11312.9
5.67784 11313.8
5.67797 11314.7
5.6781 11315.6
5.67824 11316.5
5.67837 11317.4
5.6785 11318.3
5.67863 11319.2
5.67876 11320.1
5.6789 11321
5.67903 11321.9
5.67916 11322.8
5.67929 11323.6
5.67943 11324.5
5.67956 11325.4
5.67969 11326.2
5.67982 11327.1
5.67996 11327.9
5.68009 11328.8
5.68022 11329.6
5.68035 11330.5
5.68049 11331.3
5.68062 11332.2
5.68075 11333
5.68088 11333.8
5.68102 11334.7
5.68115 11335.5
5.68128 11336.3
5.68141 11337.1
5.68154 11338
5.68168 11338.8
5.68181 11339.6
5.68194 11340.4
5.68207 11341.2
5.68221 11342
5.68234 11342.8
5.68247 11343.6
5.6826 11344.3
5.68274 11345.1
5.68287 11345.9
5.683 11346.7
5.68313 11347.5
5.68327 11348.2
5.6834 11349
5.68353 11349.8
5.68366 11350.5
5.68379 11351.3
5.68393 11352.1
5.68406 11352.8
5.68419 11353.6
5.68432 11354.3
5.68446 11355
5.68459 11355.8
5.68472 11356.5
5.68485 11357.3
5.68499 11358
5.68512 11358.7
5.68525 11359.4
5.68538 11360.2
5.68552 11360.9
5.68565 11361.6
5.68578 11362.3
5.68591 11363
5.68605 11363.7
5.68618 11364.4
5.68631 11365.1
5.68644 11365.8
5.68657 11366.5
5.68671 11367.2
5.68684 11367.9
5.68697 11368.6
5.6871 11369.3
5.68724 11369.9
5.68737 11370.6
5.6875 11371.3
5.68763 11372
5.68777 11372.6
5.6879 11373.3
5.68803 11374
5.68816 11374.6
5.6883 11375.3
5.68843 11375.9
5.68856 11376.6
5.68869 11377.2
5.68883 11377.9
5.68896 11378.5
5.68909 11379.2
5.68922 11379.8
5.68935 11380.4
5.68949 11381.1
5.68962 11381.7
5.68975 11382.3
5.68988 11382.9
5.69002 11383.6
5.69015 11384.2
5.69028 11384.8
5.69041 11385.4
5.69055 11386
5.69068 11386.6
5.69081 11387.2
5.69094 11387.8
5.69108 11388.4
5.69121 11389
5.69134 11389.6
5.69147 11390.2
5.69161 11390.8
5.69174 11391.4
5.69187 11392
5.692 11392.5
5.69213 11393.1
5.69227 11393.7
5.6924 11394.3
5.69253 11394.8
5.69266 11395.4
5.6928 11396
5.69293 11396.5
5.69306 11397.1
5.69319 11397.7
5.69333 11398.2
5.69346 11398.8
5.69359 11399.3
5.69372 11399.9
5.69386 11400.4
5.69399 11401
5.69412 11401.5
5.69425 11402
5.69439 11402.6
5.69452 11403.1
5.69465 11403.7
5.69478 11404.2
5.69491 11404.7
5.69505 11405.2
5.69518 11405.8
5.69531 11406.3
5.69544 11406.8
5.69558 11407.3
5.69571 11407.8
5.69584 11408.3
5.69597 11408.9
5.69611 11409.4
5.69624 11409.9
5.69637 11410.4
5.6965 11410.9
5.69664 11411.4
5.69677 11411.9
5.6969 11412.4
5.69703 11412.9
5.69717 11413.3
5.6973 11413.8
5.69743 11414.3
5.69756 11414.8
5.69769 11415.3
5.69783 11415.8
5.69796 11416.2
5.69809 11416.7
5.69822 11417.2
5.69836 11417.7
5.69849 11418.1
5.69862 11418.6
5.69875 11419.1
5.69889 11419.5
5.69902 11420
5.69915 11420.4
5.69928 11420.9
5.69942 11421.4
5.69955 11421.8
5.69968 11422.3
5.69981 11422.7
5.69994 11423.2
5.70008 11423.6
5.70021 11424.1
5.70034 11424.5
5.70047 11424.9
5.70061 11425.4
5.70074 11425.8
5.70087 11426.2
5.701 11426.7
5.70114 11427.1
5.70127 11427.5
5.7014 11428
5.70153 11428.4
5.70167 11428.8
5.7018 11429.2
5.70193 11429.7
5.70206 11430.1
5.7022 11430.5
5.70233 11430.9
5.70246 11431.3
5.70259 11431.7
5.70272 11432.1
5.70286 11432.5
5.70299 11433
5.70312 11433.4
5.70325 11433.8
5.70339 11434.2
5.70352 11434.6
5.70365 11435
5.70378 11435.4
5.70392 11435.8
5.70405 11436.1
5.70418 11436.5
5.70431 11436.9
5.70445 11437.3
5.70458 11437.7
5.70471 11438.1
5.70484 11438.5
5.70498 11438.9
5.70511 11439.2
5.70524 11439.6
5.70537 11440
5.7055 11440.4
5.70564 11440.7
5.70577 11441.1
5.7059 11441.5
5.70603 11441.9
5.70617 11442.2
5.7063 11442.6
5.70643 11443
5.70656 11443.3
5.7067 11443.7
5.70683 11444.1
5.70696 11444.4
5.70709 11444.8
5.70723 11445.1
5.70736 11445.5
5.70749 11445.8
5.70762 11446.2
5.70776 11446.6
5.70789 11446.9
5.70802 11447.3
5.70815 11447.6
5.70828 11448
5.70842 11448.3
5.70855 11448.6
5.70868 11449
5.70881 11449.3
5.70895 11449.7
5.70908 11450
5.70921 11450.4
5.70934 11450.7
5.70948 11451
5.70961 11451.4
5.70974 11451.7
5.70987 11452
5.71001 11452.4
5.71014 11452.7
5.71027 11453
5.7104 11453.4
5.71054 11453.7
5.71067 11454
5.7108 11454.3
5.71093 11454.7
5.71106 11455
5.7112 11455.3
5.71133 11455.6
5.71146 11456
5.71159 11456.3
5.71173 11456.6
5.71186 11456.9
5.71199 11457.2
5.71212 11457.5
5.71226 11457.9
5.71239 11458.2
5.71252 11458.5
5.71265 11458.8
5.71279 11459.1
5.71292 11459.4
5.71305 11459.7
5.71318 11460
5.71332 11460.4
5.71345 11460.7
5.71358 11461
5.71371 11461.3
5.71384 11461.6
5.71398 11461.9
5.71411 11462.2
5.71424 11462.5
5.71437 11462.8
5.71451 11463.1
5.71464 11463.4
5.71477 11463.7
5.7149 11464
5.71504 11464.3
5.71517 11464.6
5.7153 11464.9
5.71543 11465.2
5.71557 11465.5
5.7157 11465.8
5.71583 11466.1
5.71596 11466.3
5.7161 11466.6
5.71623 11466.9
5.71636 11467.2
5.71649 11467.5
5.71662 11467.8
5.71676 11468.1
5.71689 11468.4
5.71702 11468.7
5.71715 11469
5.71729 11469.2
5.71742 11469.5
5.71755 11469.8
5.71768 11470.1
5.71782 11470.4
5.71795 11470.7
5.71808 11471
5.71821 11471.2
5.71835 11471.5
5.71848 11471.8
5.71861 11472.1
5.71874 11472.4
5.71887 11472.7
5.71901 11472.9
5.71914 11473.2
5.71927 11473.5
5.7194 11473.8
5.71954 11474.1
5.71967 11474.3
5.7198 11474.6
5.71993 11474.9
5.72007 11475.2
5.7202 11475.4
5.72033 11475.7
5.72046 11476
5.7206 11476.3
5.72073 11476.6
5.72086 11476.8
5.72099 11477.1
5.72113 11477.4
5.72126 11477.7
5.72139 11477.9
5.72152 11478.2
5.72165 11478.5
5.72179 11478.8
5.72192 11479
5.72205 11479.3
5.72218 11479.6
5.72232 11479.9
5.72245 11480.1
5.72258 11480.4
5.72271 11480.7
5.72285 11480.9
5.72298 11481.2
5.72311 11481.5
5.72324 11481.8
5.72338 11482
5.72351 11482.3
5.72364 11482.6
5.72377 11482.9
5.72391 11483.1
5.72404 11483.4
5.72417 11483.7
5.7243 11484
5.72443 11484.2
5.72457 11484.5
5.7247 11484.8
5.72483 11485
5.72496 11485.3
5.7251 11485.6
5.72523 11485.9
5.72536 11486.1
5.72549 11486.4
5.72563 11486.7
5.72576 11487
5.72589 11487.2
5.72602 11487.5
5.72616 11487.8
5.72629 11488.1
5.72642 11488.3
5.72655 11488.6
5.72669 11488.9
5.72682 11489.2
5.72695 11489.4
5.72708 11489.7
5.72721 11490
5.72735 11490.3
5.72748 11490.5
5.72761 11490.8
5.72774 11491.1
5.72788 11491.4
5.72801 11491.6
5.72814 11491.9
5.72827 11492.2
5.72841 11492.5
5.72854 11492.8
5.72867 11493
5.7288 11493.3
5.72894 11493.6
5.72907 11493.9
5.7292 11494.2
5.72933 11494.4
5.72947 11494.7
5.7296 11495
5.72973 11495.3
5.72986 11495.6
5.72999 11495.9
5.73013 11496.1
5.73026 11496.4
5.73039 11496.7
5.73052 11497
5.73066 11497.3
5.73079 11497.6
5.73092 11497.9
5.73105 11498.1
5.73119 11498.4
5.73132 11498.7
5.73145 11499
5.73158 11499.3
5.73172 11499.6
5.73185 11499.9
5.73198 11500.2
5.73211 11500.5
5.73225 11500.8
5.73238 11501.1
5.73251 11501.3
5.73264 11501.6
5.73277 11501.9
5.73291 11502.2
5.73304 11502.5
5.73317 11502.8
5.7333 11503.1
5.73344 11503.4
5.73357 11503.7
5.7337 11504
5.73383 11504.3
5.73397 11504.6
5.7341 11504.9
5.73423 11505.2
5.73436 11505.5
5.7345 11505.8
5.73463 11506.2
5.73476 11506.5
5.73489 11506.8
5.73503 11507.1
5.73516 11507.4
5.73529 11507.7
5.73542 11508
5.73555 11508.3
5.73569 11508.6
5.73582 11509
5.73595 11509.3
5.73608 11509.6
5.73622 11509.9
5.73635 11510.2
5.73648 11510.5
5.73661 11510.9
5.73675 11511.2
5.73688 11511.5
5.73701 11511.8
5.73714 11512.1
5.73728 11512.5
5.73741 11512.8
5.73754 11513.1
5.73767 11513.5
5.7378 11513.8
5.73794 11514.1
5.73807 11514.4
5.7382 11514.8
5.73833 11515.1
5.73847 11515.4
5.7386 11515.8
5.73873 11516.1
5.73886 11516.5
5.739 11516.8
5.73913 11517.1
5.73926 11517.5
5.73939 11517.8
5.73953 11518.2
5.73966 11518.5
5.73979 11518.9
5.73992 11519.2
5.74006 11519.6
5.74019 11519.9
5.74032 11520.3
5.74045 11520.6
5.74058 11521
5.74072 11521.3
5.74085 11521.7
5.74098 11522
5.74111 11522.4
5.74125 11522.8
5.74138 11523.1
5.74151 11523.5
5.74164 11523.8
5.74178 11524.2
5.74191 11524.6
5.74204 11525
5.74217 11525.3
5.74231 11525.7
5.74244 11526.1
5.74257 11526.4
5.7427 11526.8
5.74284 11527.2
5.74297 11527.6
5.7431 11528
5.74323 11528.3
5.74336 11528.7
5.7435 11529.1
5.74363 11529.5
5.74376 11529.9
5.74389 11530.3
5.74403 11530.7
5.74416 11531.1
5.74429 11531.5
5.74442 11531.9
5.74456 11532.3
5.74469 11532.7
5.74482 11533.1
5.74495 11533.5
5.74509 11533.9
5.74522 11534.3
5.74535 11534.7
5.74548 11535.1
5.74562 11535.5
5.74575 11535.9
5.74588 11536.3
5.74601 11536.7
5.74614 11537.2
5.74628 11537.6
5.74641 11538
5.74654 11538.4
5.74667 11538.9
5.74681 11539.3
5.74694 11539.7
5.74707 11540.1
5.7472 11540.6
5.74734 11541
5.74747 11541.4
5.7476 11541.9
5.74773 11542.3
5.74787 11542.8
5.748 11543.2
5.74813 11543.7
5.74826 11544.1
5.7484 11544.5
5.74853 11545
5.74866 11545.5
5.74879 11545.9
5.74892 11546.4
5.74906 11546.8
5.74919 11547.3
5.74932 11547.7
5.74945 11548.2
5.74959 11548.7
5.74972 11549.2
5.74985 11549.6
5.74998 11550.1
5.75012 11550.6
5.75025 11551
5.75038 11551.5
5.75051 11552
5.75065 11552.5
5.75078 11553
5.75091 11553.5
5.75104 11554
5.75118 11554.5
5.75131 11554.9
5.75144 11555.4
5.75157 11555.9
5.7517 11556.4
5.75184 11556.9
5.75197 11557.4
5.7521 11558
5.75223 11558.5
5.75237 11559
5.7525 11559.5
5.75263 11560
5.75276 11560.5
5.7529 11561
5.75303 11561.6
5.75316 11562.1
5.75329 11562.6
5.75343 11563.2
5.75356 11563.7
5.75369 11564.2
5.75382 11564.8
5.75395 11565.3
5.75409 11565.8
5.75422 11566.4
5.75435 11566.9
5.75448 11567.5
5.75462 11568
5.75475 11568.6
5.75488 11569.1
5.75501 11569.7
5.75515 11570.3
5.75528 11570.8
5.75541 11571.4
5.75554 11572
5.75568 11572.5
5.75581 11573.1
5.75594 11573.7
5.75607 11574.3
5.75621 11574.8
5.75634 11575.4
5.75647 11576
5.7566 11576.6
5.75673 11577.2
5.75687 11577.8
5.757 11578.4
5.75713 11579
5.75726 11579.6
5.7574 11580.2
5.75753 11580.8
5.75766 11581.4
5.75779 11582
5.75793 11582.6
5.75806 11583.3
5.75819 11583.9
5.75832 11584.5
5.75846 11585.1
5.75859 11585.8
5.75872 11586.4
5.75885 11587
5.75899 11587.7
5.75912 11588.3
5.75925 11588.9
5.75938 11589.6
5.75951 11590.2
5.75965 11590.9
5.75978 11591.5
5.75991 11592.2
5.76004 11592.8
5.76018 11593.5
5.76031 11594.2
5.76044 11594.8
5.76057 11595.5
5.76071 11596.2
5.76084 11596.9
5.76097 11597.5
5.7611 11598.2
5.76124 11598.9
5.76137 11599.6
5.7615 11600.3
5.76163 11601
5.76177 11601.7
5.7619 11602.4
5.76203 11603.1
5.76216 11603.8
5.76229 11604.5
5.76243 11605.2
5.76256 11605.9
5.76269 11606.6
5.76282 11607.4
5.76296 11608.1
5.76309 11608.8
5.76322 11609.6
5.76335 11610.3
5.76349 11611
5.76362 11611.8
5.76375 11612.5
5.76388 11613.3
5.76402 11614
5.76415 11614.8
5.76428 11615.5
5.76441 11616.3
5.76455 11617
5.76468 11617.8
5.76481 11618.6
5.76494 11619.3
5.76507 11620.1
5.76521 11620.9
5.76534 11621.7
5.76547 11622.5
5.7656 11623.2
5.76574 11624
5.76587 11624.8
5.766 11625.6
5.76613 11626.4
5.76627 11627.2
5.7664 11628
5.76653 11628.9
5.76666 11629.7
5.7668 11630.5
5.76693 11631.3
5.76706 11632.1
5.76719 11633
5.76733 11633.8
5.76746 11634.6
5.76759 11635.5
5.76772 11636.3
5.76785 11637.2
5.76799 11638
5.76812 11638.9
5.76825 11639.7
5.76838 11640.6
5.76852 11641.4
5.76865 11642.3
5.76878 11643.2
5.76891 11644
5.76905 11644.9
5.76918 11645.8
5.76931 11646.7
5.76944 11647.6
5.76958 11648.5
5.76971 11649.4
5.76984 11650.3
5.76997 11651.2
5.77011 11652.1
5.77024 11653
5.77037 11653.9
5.7705 11654.8
5.77063 11655.7
5.77077 11656.6
5.7709 11657.6
5.77103 11658.5
5.77116 11659.4
5.7713 11660.4
5.77143 11661.3
5.77156 11662.3
5.77169 11663.2
5.77183 11664.2
5.77196 11665.1
5.77209 11666.1
5.77222 11667.1
5.77236 11668
5.77249 11669
5.77262 11670
5.77275 11671
5.77288 11671.9
5.77302 11672.9
5.77315 11673.9
5.77328 11674.9
5.77341 11675.9
5.77355 11676.9
5.77368 11677.9
5.77381 11678.9
5.77394 11680
5.77408 11681
5.77421 11682
5.77434 11683
5.77447 11684.1
5.77461 11685.1
5.77474 11686.1
5.77487 11687.2
5.775 11688.2
5.77514 11689.3
5.77527 11690.3
5.7754 11691.4
5.77553 11692.5
5.77566 11693.5
5.7758 11694.6
5.77593 11695.7
5.77606 11696.8
5.77619 11697.8
5.77633 11698.9
5.77646 11700
5.77659 11701.1
5.77672 11702.2
5.77686 11703.3
5.77699 11704.4
5.77712 11705.6
5.77725 11706.7
5.77739 11707.8
5.77752 11708.9
5.77765 11710
5.77778 11711.2
5.77792 11712.3
5.77805 11713.5
5.77818 11714.6
5.77831 11715.8
5.77844 11716.9
5.77858 11718.1
5.77871 11719.2
5.77884 11720.4
5.77897 11721.6
5.77911 11722.8
5.77924 11723.9
5.77937 11725.1
5.7795 11726.3
5.77964 11727.5
5.77977 11728.7
5.7799 11729.9
5.78003 11731.1
5.78017 11732.3
5.7803 11733.5
5.78043 11734.8
5.78056 11736
5.7807 11737.2
5.78083 11738.4
5.78096 11739.7
5.78109 11740.9
5.78122 11742.2
5.78136 11743.4
5.78149 11744.6
5.78162 11745.9
5.78175 11747.2
5.78189 11748.4
5.78202 11749.7
5.78215 11751
5.78228 11752.2
5.78242 11753.5
5.78255 11754.8
5.78268 11756.1
5.78281 11757.4
5.78295 11758.7
5.78308 11760
5.78321 11761.3
5.78334 11762.6
5.78348 11763.9
5.78361 11765.2
5.78374 11766.5
5.78387 11767.8
5.784 11769.2
5.78414 11770.5
5.78427 11771.8
5.7844 11773.2
5.78453 11774.5
5.78467 11775.9
5.7848 11777.2
5.78493 11778.6
5.78506 11779.9
5.7852 11781.3
5.78533 11782.6
5.78546 11784
5.78559 11785.4
5.78573 11786.8
5.78586 11788.1
5.78599 11789.5
5.78612 11790.9
5.78626 11792.3
5.78639 11793.7
5.78652 11795.1
5.78665 11796.5
5.78678 11797.9
5.78692 11799.3
5.78705 11800.7
5.78718 11802.2
5.78731 11803.6
5.78745 11805
5.78758 11806.4
5.78771 11807.9
5.78784 11809.3
5.78798 11810.7
5.78811 11812.2
5.78824 11813.6
5.78837 11815.1
5.78851 11816.5
5.78864 11818
5.78877 11819.5
5.7889 11820.9
5.78904 11822.4
5.78917 11823.9
5.7893 11825.3
5.78943 11826.8
5.78956 11828.3
5.7897 11829.8
5.78983 11831.3
5.78996 11832.8
5.79009 11834.3
5.79023 11835.8
5.79036 11837.3
5.79049 11838.8
5.79062 11840.3
5.79076 11841.8
5.79089 11843.3
5.79102 11844.8
5.79115 11846.4
5.79129 11847.9
5.79142 11849.4
5.79155 11851
5.79168 11852.5
5.79181 11854
5.79195 11855.6
5.79208 11857.1
5.79221 11858.7
5.79234 11860.3
5.79248 11861.8
5.79261 11863.4
5.79274 11864.9
5.79287 11866.5
5.79301 11868.1
5.79314 11869.7
5.79327 11871.2
5.7934 11872.8
5.79354 11874.4
5.79367 11876
5.7938 11877.6
5.79393 11879.2
5.79407 11880.8
5.7942 11882.4
5.79433 11884
5.79446 11885.6
5.79459 11887.2
5.79473 11888.8
5.79486 11890.5
5.79499 11892.1
5.79512 11893.7
5.79526 11895.3
5.79539 11897
5.79552 11898.6
5.79565 11900.3
5.79579 11901.9
5.79592 11903.5
5.79605 11905.2
5.79618 11906.8
5.79632 11908.5
5.79645 11910.2
5.79658 11911.8
5.79671 11913.5
5.79685 11915.2
5.79698 11916.8
5.79711 11918.5
5.79724 11920.2
5.79737 11921.9
5.79751 11923.5
5.79764 11925.2
5.79777 11926.9
5.7979 11928.6
5.79804 11930.3
5.79817 11932
5.7983 11933.7
5.79843 11935.4
5.79857 11937.1
5.7987 11938.8
5.79883 11940.6
5.79896 11942.3
5.7991 11944
5.79923 11945.7
5.79936 11947.4
5.79949 11949.2
5.79963 11950.9
5.79976 11952.6
5.79989 11954.4
5.80002 11956.1
5.80015 11957.9
5.80029 11959.6
5.80042 11961.4
5.80055 11963.1
5.80068 11964.9
5.80082 11966.6
5.80095 11968.4
5.80108 11970.2
5.80121 11971.9
5.80135 11973.7
5.80148 11975.5
5.80161 11977.2
5.80174 11979
5.80188 11980.8
5.80201 11982.6
5.80214 11984.4
5.80227 11986.2
5.80241 11988
5.80254 11989.8
5.80267 11991.6
5.8028 11993.4
5.80293 11995.2
5.80307 11997
5.8032 11998.8
5.80333 12000.6
5.80346 12002.4
5.8036 12004.2
5.80373 12006.1
5.80386 12007.9
5.80399 12009.7
5.80413 12011.5
5.80426 12013.4
5.80439 12015.2
5.80452 12017
5.80466 12018.9
5.80479 12020.7
5.80492 12022.6
5.80505 12024.4
5.80519 12026.3
5.80532 12028.1
5.80545 12030
5.80558 12031.9
5.80571 12033.7
5.80585 12035.6
5.80598 12037.4
5.80611 12039.3
5.80624 12041.2
5.80638 12043.1
5.80651 12044.9
5.80664 12046.8
5.80677 12048.7
5.80691 12050.6
5.80704 12052.5
5.80717 12054.4
5.8073 12056.3
5.80744 12058.2
5.80757 12060.1
5.8077 12062
5.80783 12063.9
5.80796 12065.8
5.8081 12067.7
5.80823 12069.6
5.80836 12071.5
5.80849 12073.4
5.80863 12075.3
5.80876 12077.3
5.80889 12079.2
5.80902 12081.1
5.80916 12083
5.80929 12085
5.80942 12086.9
5.80955 12088.8
5.80969 12090.8
5.80982 12092.7
5.80995 12094.7
5.81008 12096.6
5.81022 12098.5
5.81035 12100.5
5.81048 12102.5
5.81061 12104.4
5.81074 12106.4
5.81088 12108.3
5.81101 12110.3
5.81114 12112.2
5.81127 12114.2
5.81141 12116.2
5.81154 12118.2
5.81167 12120.1
5.8118 12122.1
5.81194 12124.1
5.81207 12126.1
5.8122 12128
5.81233 12130
5.81247 12132
5.8126 12134
5.81273 12136
5.81286 12138
5.813 12140
5.81313 12142
5.81326 12144
5.81339 12146
5.81352 12148
5.81366 12150
5.81379 12152
5.81392 12154
5.81405 12156
5.81419 12158
5.81432 12160.1
5.81445 12162.1
5.81458 12164.1
5.81472 12166.1
5.81485 12168.2
5.81498 12170.2
5.81511 12172.2
5.81525 12174.2
5.81538 12176.3
5.81551 12178.3
5.81564 12180.4
5.81578 12182.4
5.81591 12184.4
5.81604 12186.5
5.81617 12188.5
5.8163 12190.6
5.81644 12192.6
5.81657 12194.7
5.8167 12196.7
5.81683 12198.8
5.81697 12200.9
5.8171 12202.9
5.81723 12205
5.81736 12207
5.8175 12209.1
5.81763 12211.2
5.81776 12213.2
5.81789 12215.3
5.81803 12217.4
5.81816 12219.5
5.81829 12221.6
5.81842 12223.6
5.81856 12225.7
5.81869 12227.8
5.81882 12229.9
5.81895 12232
5.81908 12234.1
5.81922 12236.2
5.81935 12238.2
5.81948 12240.3
5.81961 12242.4
5.81975 12244.5
5.81988 12246.6
5.82001 12248.7
5.82014 12250.8
5.82028 12253
5.82041 12255.1
5.82054 12257.2
5.82067 12259.3
5.82081 12261.4
5.82094 12263.5
5.82107 12265.6
5.8212 12267.7
5.82134 12269.9
5.82147 12272
5.8216 12274.1
5.82173 12276.2
5.82186 12278.4
5.822 12280.5
5.82213 12282.6
5.82226 12284.8
5.82239 12286.9
5.82253 12289
5.82266 12291.2
5.82279 12293.3
5.82292 12295.4
5.82306 12297.6
5.82319 12299.7
5.82332 12301.9
5.82345 12304
5.82359 12306.2
5.82372 12308.3
5.82385 12310.5
5.82398 12312.6
5.82412 12314.8
5.82425 12316.9
5.82438 12319.1
5.82451 12321.3
5.82464 12323.4
5.82478 12325.6
5.82491 12327.7
5.82504 12329.9
5.82517 12332.1
5.82531 12334.2
5.82544 12336.4
5.82557 12338.6
5.8257 12340.8
5.82584 12342.9
5.82597 12345.1
5.8261 12347.3
5.82623 12349.5
5.82637 12351.7
5.8265 12353.8
5.82663 12356
5.82676 12358.2
5.82689 12360.4
5.82703 12362.6
5.82716 12364.8
5.82729 12367
5.82742 12369.1
5.82756 12371.3
5.82769 12373.5
5.82782 12375.7
5.82795 12377.9
5.82809 12380.1
5.82822 12382.3
5.82835 12384.5
5.82848 12386.7
5.82862 12388.9
5.82875 12391.1
5.82888 12393.3
5.82901 12395.6
5.82915 12397.8
5.82928 12400
5.82941 12402.2
5.82954 12404.4
5.82967 12406.6
5.82981 12408.8
5.82994 12411
5.83007 12413.3
5.8302 12415.5
5.83034 12417.7
5.83047 12419.9
5.8306 12422.2
5.83073 12424.4
5.83087 12426.6
5.831 12428.8
5.83113 12431.1
5.83126 12433.3
5.8314 12435.5
5.83153 12437.7
5.83166 12440
5.83179 12442.2
5.83193 12444.4
5.83206 12446.7
5.83219 12448.9
5.83232 12451.2
5.83245 12453.4
5.83259 12455.6
5.83272 12457.9
5.83285 12460.1
5.83298 12462.4
5.83312 12464.6
5.83325 12466.9
5.83338 12469.1
5.83351 12471.3
5.83365 12473.6
5.83378 12475.8
5.83391 12478.1
5.83404 12480.3
5.83418 12482.6
5.83431 12484.9
5.83444 12487.1
5.83457 12489.4
5.83471 12491.6
5.83484 12493.9
5.83497 12496.1
5.8351 12498.4
5.83523 12500.7
5.83537 12502.9
5.8355 12505.2
5.83563 12507.4
5.83576 12509.7
5.8359 12512
5.83603 12514.2
5.83616 12516.5
5.83629 12518.8
5.83643 12521
5.83656 12523.3
5.83669 12525.6
5.83682 12527.8
5.83696 12530.1
5.83709 12532.4
5.83722 12534.7
5.83735 12536.9
5.83749 12539.2
5.83762 12541.5
5.83775 12543.8
5.83788 12546
5.83801 12548.3
5.83815 12550.6
5.83828 12552.9
5.83841 12555.2
5.83854 12557.4
5.83868 12559.7
5.83881 12562
5.83894 12564.3
5.83907 12566.6
5.83921 12568.9
5.83934 12571.1
5.83947 12573.4
5.8396 12575.7
5.83974 12578
5.83987 12580.3
5.84 12582.6
5.84013 12584.9
5.84027 12587.2
5.8404 12589.5
5.84053 12591.7
5.84066 12594
5.84079 12596.3
5.84093 12598.6
5.84106 12600.9
5.84119 12603.2
5.84132 12605.5
5.84146 12607.8
5.84159 12610.1
5.84172 12612.4
5.84185 12614.7
5.84199 12617
5.84212 12619.3
5.84225 12621.6
5.84238 12623.9
5.84252 12626.2
5.84265 12628.5
5.84278 12630.8
5.84291 12633.1
5.84305 12635.4
5.84318 12637.7
5.84331 12640
5.84344 12642.3
5.84357 12644.6
5.84371 12646.9
5.84384 12649.2
5.84397 12651.5
5.8441 12653.8
5.84424 12656.1
5.84437 12658.4
5.8445 12660.7
5.84463 12663
5.84477 12665.3
5.8449 12667.7
5.84503 12670
5.84516 12672.3
5.8453 12674.6
5.84543 12676.9
5.84556 12679.2
5.84569 12681.5
5.84582 12683.8
5.84596 12686.1
5.84609 12688.4
5.84622 12690.8
5.84635 12693.1
5.84649 12695.4
5.84662 12697.7
5.84675 12700
5.84688 12702.3
5.84702 12704.6
5.84715 12706.9
5.84728 12709.3
5.84741 12711.6
5.84755 12713.9
5.84768 12716.2
5.84781 12718.5
5.84794 12720.8
5.84808 12723.1
5.84821 12725.4
5.84834 12727.8
5.84847 12730.1
5.8486 12732.4
5.84874 12734.7
5.84887 12737
5.849 12739.3
5.84913 12741.7
5.84927 12744
5.8494 12746.3
5.84953 12748.6
5.84966 12750.9
5.8498 12753.2
5.84993 12755.6
5.85006 12757.9
5.85019 12760.2
5.85033 12762.5
5.85046 12764.8
5.85059 12767.1
5.85072 12769.5
5.85086 12771.8
5.85099 12774.1
5.85112 12776.4
5.85125 12778.7
5.85138 12781
5.85152 12783.4
5.85165 12785.7
5.85178 12788
5.85191 12790.3
5.85205 12792.6
5.85218 12794.9
5.85231 12797.2
5.85244 12799.6
5.85258 12801.9
5.85271 12804.2
5.85284 12806.5
5.85297 12808.8
5.85311 12811.1
5.85324 12813.5
5.85337 12815.8
5.8535 12818.1
5.85364 12820.4
5.85377 12822.7
5.8539 12825
5.85403 12827.4
5.85416 12829.7
5.8543 12832
5.85443 12834.3
5.85456 12836.6
5.85469 12838.9
5.85483 12841.2
5.85496 12843.6
5.85509 12845.9
5.85522 12848.2
5.85536 12850.5
5.85549 12852.8
5.85562 12855.1
5.85575 12857.4
5.85589 12859.7
5.85602 12862.1
5.85615 12864.4
5.85628 12866.7
5.85642 12869
5.85655 12871.3
5.85668 12873.6
5.85681 12875.9
5.85694 12878.2
5.85708 12880.5
5.85721 12882.8
5.85734 12885.2
5.85747 12887.5
5.85761 12889.8
5.85774 12892.1
5.85787 12894.4
5.858 12896.7
5.85814 12899
5.85827 12901.3
5.8584 12903.6
5.85853 12905.9
5.85867 12908.2
5.8588 12910.5
5.85893 12912.8
5.85906 12915.1
5.8592 12917.4
5.85933 12919.7
5.85946 12922
5.85959 12924.3
5.85972 12926.6
5.85986 12928.9
5.85999 12931.2
5.86012 12933.5
5.86025 12935.8
5.86039 12938.1
5.86052 12940.4
5.86065 12942.7
5.86078 12945
5.86092 12947.3
5.86105 12949.6
5.86118 12951.9
5.86131 12954.2
5.86145 12956.5
5.86158 12958.8
5.86171 12961.1
5.86184 12963.4
5.86197 12965.7
5.86211 12968
5.86224 12970.3
5.86237 12972.6
5.8625 12974.8
5.86264 12977.1
5.86277 12979.4
5.8629 12981.7
5.86303 12984
5.86317 12986.3
5.8633 12988.6
5.86343 12990.8
5.86356 12993.1
5.8637 12995.4
5.86383 12997.7
5.86396 13000
5.86409 13002.3
5.86423 13004.5
5.86436 13006.8
5.86449 13009.1
5.86462 13011.4
5.86475 13013.7
5.86489 13015.9
5.86502 13018.2
5.86515 13020.5
5.86528 13022.8
5.86542 13025
5.86555 13027.3
5.86568 13029.6
5.86581 13031.8
5.86595 13034.1
5.86608 13036.4
5.86621 13038.6
5.86634 13040.9
5.86648 13043.2
5.86661 13045.4
5.86674 13047.7
5.86687 13050
5.86701 13052.2
5.86714 13054.5
5.86727 13056.8
5.8674 13059
5.86753 13061.3
5.86767 13063.5
5.8678 13065.8
5.86793 13068
5.86806 13070.3
5.8682 13072.6
5.86833 13074.8
5.86846 13077.1
5.86859 13079.3
5.86873 13081.6
5.86886 13083.8
5.86899 13086.1
5.86912 13088.3
5.86926 13090.6
5.86939 13092.8
5.86952 13095
5.86965 13097.3
5.86979 13099.5
5.86992 13101.8
5.87005 13104
5.87018 13106.2
5.87031 13108.5
5.87045 13110.7
5.87058 13113
5.87071 13115.2
5.87084 13117.4
5.87098 13119.7
5.87111 13121.9
5.87124 13124.1
5.87137 13126.3
5.87151 13128.6
5.87164 13130.8
5.87177 13133
5.8719 13135.2
5.87204 13137.5
5.87217 13139.7
5.8723 13141.9
5.87243 13144.1
5.87257 13146.3
5.8727 13148.6
5.87283 13150.8
5.87296 13153
5.87309 13155.2
5.87323 13157.4
5.87336 13159.6
5.87349 13161.8
5.87362 13164
5.87376 13166.2
5.87389 13168.5
5.87402 13170.7
5.87415 13172.9
5.87429 13175.1
5.87442 13177.3
5.87455 13179.5
5.87468 13181.7
5.87482 13183.8
5.87495 13186
5.87508 13188.2
5.87521 13190.4
5.87535 13192.6
5.87548 13194.8
5.87561 13197
5.87574 13199.2
5.87587 13201.4
5.87601 13203.5
5.87614 13205.7
5.87627 13207.9
5.8764 13210.1
5.87654 13212.3
5.87667 13214.4
5.8768 13216.6
5.87693 13218.8
5.87707 13221
5.8772 13223.1
5.87733 13225.3
5.87746 13227.5
5.8776 13229.6
5.87773 13231.8
5.87786 13234
5.87799 13236.1
5.87813 13238.3
5.87826 13240.4
5.87839 13242.6
5.87852 13244.7
5.87865 13246.9
5.87879 13249
5.87892 13251.2
5.87905 13253.3
5.87918 13255.5
5.87932 13257.6
5.87945 13259.8
5.87958 13261.9
5.87971 13264.1
5.87985 13266.2
5.87998 13268.3
5.88011 13270.5
5.88024 13272.6
5.88038 13274.7
5.88051 13276.9
5.88064 13279
5.88077 13281.1
5.8809 13283.2
5.88104 13285.4
5.88117 13287.5
5.8813 13289.6
5.88143 13291.7
5.88157 13293.8
5.8817 13296
5.88183 13298.1
5.88196 13300.2
5.8821 13302.3
5.88223 13304.4
5.88236 13306.5
5.88249 13308.6
5.88263 13310.7
5.88276 13312.8
5.88289 13314.9
5.88302 13317
5.88316 13319.1
5.88329 13321.2
5.88342 13323.3
5.88355 13325.4
5.88368 13327.5
5.88382 13329.5
5.88395 13331.6
5.88408 13333.7
5.88421 13335.8
5.88435 13337.9
5.88448 13339.9
5.88461 13342
5.88474 13344.1
5.88488 13346.2
5.88501 13348.2
5.88514 13350.3
5.88527 13352.4
5.88541 13354.4
5.88554 13356.5
5.88567 13358.5
5.8858 13360.6
5.88594 13362.6
5.88607 13364.7
5.8862 13366.7
5.88633 13368.8
5.88646 13370.8
5.8866 13372.9
5.88673 13374.9
5.88686 13377
5.88699 13379
5.88713 13381
5.88726 13383.1
5.88739 13385.1
5.88752 13387.1
5.88766 13389.2
5.88779 13391.2
5.88792 13393.2
5.88805 13395.2
5.88819 13397.3
5.88832 13399.3
5.88845 13401.3
5.88858 13403.3
5.88872 13405.3
5.88885 13407.3
5.88898 13409.3
5.88911 13411.3
5.88924 13413.3
5.88938 13415.3
5.88951 13417.3
5.88964 13419.3
5.88977 13421.3
5.88991 13423.3
5.89004 13425.3
5.89017 13427.3
5.8903 13429.3
5.89044 13431.2
5.89057 13433.2
5.8907 13435.2
5.89083 13437.2
5.89097 13439.1
5.8911 13441.1
5.89123 13443.1
5.89136 13445
5.8915 13447
5.89163 13448.9
5.89176 13450.9
5.89189 13452.9
5.89202 13454.8
5.89216 13456.7
5.89229 13458.7
5.89242 13460.6
5.89255 13462.6
5.89269 13464.5
5.89282 13466.4
5.89295 13468.4
5.89308 13470.3
5.89322 13472.2
5.89335 13474.1
5.89348 13476.1
5.89361 13478
5.89375 13479.9
5.89388 13481.8
5.89401 13483.7
5.89414 13485.6
5.89428 13487.5
5.89441 13489.4
5.89454 13491.3
5.89467 13493.2
5.8948 13495.1
5.89494 13497
5.89507 13498.8
5.8952 13500.7
5.89533 13502.6
5.89547 13504.5
5.8956 13506.3
5.89573 13508.2
5.89586 13510
5.896 13511.9
5.89613 13513.8
5.89626 13515.6
5.89639 13517.5
5.89653 13519.3
5.89666 13521.1
5.89679 13523
5.89692 13524.8
5.89706 13526.6
5.89719 13528.5
5.89732 13530.3
5.89745 13532.1
5.89758 13533.9
5.89772 13535.7
5.89785 13537.5
5.89798 13539.3
5.89811 13541.1
5.89825 13542.9
5.89838 13544.7
5.89851 13546.5
5.89864 13548.3
5.89878 13550.1
5.89891 13551.8
5.89904 13553.6
5.89917 13555.4
5.89931 13557.1
5.89944 13558.9
5.89957 13560.7
5.8997 13562.4
5.89983 13564.2
5.89997 13565.9
5.9001 13567.6
5.90023 13569.4
5.90036 13571.1
5.9005 13572.8
5.90063 13574.6
5.90076 13576.3
5.90089 13578
5.90103 13579.7
5.90116 13581.4
5.90129 13583.1
5.90142 13584.8
5.90156 13586.5
5.90169 13588.2
5.90182 13589.9
5.90195 13591.5
5.90209 13593.2
5.90222 13594.9
5.90235 13596.5
5.90248 13598.2
5.90261 13599.9
5.90275 13601.5
5.90288 13603.2
5.90301 13604.8
5.90314 13606.4
5.90328 13608.1
5.90341 13609.7
5.90354 13611.3
5.90367 13612.9
5.90381 13614.6
5.90394 13616.2
5.90407 13617.8
5.9042 13619.4
5.90434 13621
5.90447 13622.5
5.9046 13624.1
5.90473 13625.7
5.90487 13627.3
5.905 13628.8
5.90513 13630.4
5.90526 13632
5.90539 13633.5
5.90553 13635.1
5.90566 13636.6
5.90579 13638.2
5.90592 13639.7
5.90606 13641.2
5.90619 13642.7
5.90632 13644.3
5.90645 13645.8
5.90659 13647.3
5.90672 13648.8
5.90685 13650.3
5.90698 13651.8
5.90712 13653.2
5.90725 13654.7
5.90738 13656.2
5.90751 13657.7
5.90765 13659.1
5.90778 13660.6
5.90791 13662
5.90804 13663.5
5.90817 13664.9
5.90831 13666.4
5.90844 13667.8
5.90857 13669.2
5.9087 13670.6
5.90884 13672
5.90897 13673.5
5.9091 13674.9
5.90923 13676.2
5.90937 13677.6
5.9095 13679
5.90963 13680.4
5.90976 13681.8
5.9099 13683.1
5.91003 13684.5
5.91016 13685.9
5.91029 13687.2
5.91043 13688.5
5.91056 13689.9
5.91069 13691.2
5.91082 13692.5
5.91095 13693.9
5.91109 13695.2
5.91122 13696.5
5.91135 13697.8
5.91148 13699.1
5.91162 13700.3
5.91175 13701.6
5.91188 13702.9
5.91201 13704.2
5.91215 13705.4
5.91228 13706.7
5.91241 13707.9
5.91254 13709.2
5.91268 13710.4
5.91281 13711.6
5.91294 13712.9
5.91307 13714.1
5.91321 13715.3
5.91334 13716.5
5.91347 13717.7
5.9136 13718.9
5.91373 13720.1
5.91387 13721.3
5.914 13722.4
5.91413 13723.6
5.91426 13724.7
5.9144 13725.9
5.91453 13727
5.91466 13728.2
5.91479 13729.3
5.91493 13730.4
5.91506 13731.6
5.91519 13732.7
5.91532 13733.8
5.91546 13734.9
5.91559 13736
5.91572 13737
5.91585 13738.1
5.91598 13739.2
5.91612 13740.2
5.91625 13741.3
5.91638 13742.3
5.91651 13743.4
5.91665 13744.4
5.91678 13745.4
5.91691 13746.5
5.91704 13747.5
5.91718 13748.5
5.91731 13749.5
5.91744 13750.5
5.91757 13751.5
5.91771 13752.4
5.91784 13753.4
5.91797 13754.4
5.9181 13755.3
5.91824 13756.3
5.91837 13757.2
5.9185 13758.1
5.91863 13759.1
5.91876 13760
5.9189 13760.9
5.91903 13761.8
5.91916 13762.7
5.91929 13763.6
5.91943 13764.4
5.91956 13765.3
5.91969 13766.2
5.91982 13767
5.91996 13767.9
5.92009 13768.7
5.92022 13769.6
5.92035 13770.4
5.92049 13771.2
5.92062 13772
5.92075 13772.8
5.92088 13773.6
5.92102 13774.4
5.92115 13775.2
5.92128 13775.9
5.92141 13776.7
5.92154 13777.5
5.92168 13778.2
5.92181 13778.9
5.92194 13779.7
5.92207 13780.4
5.92221 13781.1
5.92234 13781.8
5.92247 13782.5
5.9226 13783.2
5.92274 13783.9
5.92287 13784.5
5.923 13785.2
5.92313 13785.9
5.92327 13786.5
5.9234 13787.2
5.92353 13787.8
5.92366 13788.4
5.9238 13789
5.92393 13789.6
5.92406 13790.2
5.92419 13790.8
5.92432 13791.4
5.92446 13792
5.92459 13792.5
5.92472 13793.1
5.92485 13793.6
5.92499 13794.2
5.92512 13794.7
5.92525 13795.2
5.92538 13795.7
5.92552 13796.2
5.92565 13796.7
5.92578 13797.2
5.92591 13797.7
5.92605 13798.2
5.92618 13798.6
5.92631 13799.1
5.92644 13799.5
5.92658 13800
5.92671 13800.4
5.92684 13800.8
5.92697 13801.2
5.9271 13801.6
5.92724 13802
5.92737 13802.4
5.9275 13802.7
5.92763 13803.1
5.92777 13803.5
5.9279 13803.8
5.92803 13804.1
5.92816 13804.5
5.9283 13804.8
5.92843 13805.1
5.92856 13805.4
5.92869 13805.7
5.92883 13805.9
5.92896 13806.2
5.92909 13806.5
5.92922 13806.7
5.92936 13807
5.92949 13807.2
5.92962 13807.4
5.92975 13807.6
5.92988 13807.8
5.93002 13808
5.93015 13808.2
5.93028 13808.4
5.93041 13808.6
5.93055 13808.7
5.93068 13808.9
5.93081 13809
5.93094 13809.1
5.93108 13809.2
5.93121 13809.3
5.93134 13809.4
5.93147 13809.5
5.93161 13809.6
5.93174 13809.7
5.93187 13809.7
5.932 13809.8
5.93214 13809.8
5.93227 13809.9
5.9324 13809.9
5.93253 13809.9
5.93266 13809.9
5.9328 13809.9
5.93293 13809.8
5.93306 13809.8
5.93319 13809.8
5.93333 13809.7
5.93346 13809.7
5.93359 13809.6
5.93372 13809.5
5.93386 13809.4
5.93399 13809.3
5.93412 13809.2
5.93425 13809.1
5.93439 13809
5.93452 13808.8
5.93465 13808.7
5.93478 13808.5
5.93491 13808.3
5.93505 13808.1
5.93518 13807.9
5.93531 13807.7
5.93544 13807.5
5.93558 13807.3
5.93571 13807.1
5.93584 13806.8
5.93597 13806.6
5.93611 13806.3
5.93624 13806
5.93637 13805.7
5.9365 13805.4
5.93664 13805.1
5.93677 13804.8
5.9369 13804.5
5.93703 13804.1
5.93717 13803.8
5.9373 13803.4
5.93743 13803
5.93756 13802.6
5.93769 13802.2
5.93783 13801.8
5.93796 13801.4
5.93809 13801
5.93822 13800.5
5.93836 13800.1
5.93849 13799.6
5.93862 13799.2
5.93875 13798.7
5.93889 13798.2
5.93902 13797.7
5.93915 13797.1
5.93928 13796.6
5.93942 13796.1
5.93955 13795.5
5.93968 13795
5.93981 13794.4
5.93995 13793.8
5.94008 13793.2
5.94021 13792.6
5.94034 13792
5.94047 13791.4
5.94061 13790.7
5.94074 13790.1
5.94087 13789.4
5.941 13788.7
5.94114 13788
5.94127 13787.3
5.9414 13786.6
5.94153 13785.9
5.94167 13785.2
5.9418 13784.4
5.94193 13783.7
5.94206 13782.9
5.9422 13782.1
5.94233 13781.3
5.94246 13780.5
5.94259 13779.7
5.94273 13778.9
5.94286 13778
5.94299 13777.2
5.94312 13776.3
5.94325 13775.5
5.94339 13774.6
5.94352 13773.7
5.94365 13772.8
5.94378 13771.8
5.94392 13770.9
5.94405 13770
5.94418 13769
5.94431 13768
5.94445 13767
5.94458 13766.1
5.94471 13765
5.94484 13764
5.94498 13763
5.94511 13762
5.94524 13760.9
5.94537 13759.8
5.94551 13758.8
5.94564 13757.7
5.94577 13756.6
5.9459 13755.4
5.94603 13754.3
5.94617 13753.2
5.9463 13752
5.94643 13750.9
5.94656 13749.7
5.9467 13748.5
5.94683 13747.3
5.94696 13746.1
5.94709 13744.8
5.94723 13743.6
5.94736 13742.3
5.94749 13741.1
5.94762 13739.8
5.94776 13738.5
5.94789 13737.2
5.94802 13735.9
5.94815 13734.6
5.94829 13733.2
5.94842 13731.9
5.94855 13730.5
5.94868 13729.1
5.94881 13727.7
5.94895 13726.3
5.94908 13724.9
5.94921 13723.5
5.94934 13722
5.94948 13720.6
5.94961 13719.1
5.94974 13717.6
5.94987 13716.1
5.95001 13714.6
5.95014 13713.1
5.95027 13711.5
5.9504 13710
5.95054 13708.4
5.95067 13706.8
5.9508 13705.3
5.95093 13703.7
5.95107 13702
5.9512 13700.4
5.95133 13698.8
5.95146 13697.1
5.95159 13695.4
5.95173 13693.8
5.95186 13692.1
5.95199 13690.4
5.95212 13688.6
5.95226 13686.9
5.95239 13685.2
5.95252 13683.4
5.95265 13681.6
5.95279 13679.8
5.95292 13678
5.95305 13676.2
5.95318 13674.4
5.95332 13672.5
5.95345 13670.7
5.95358 13668.8
5.95371 13666.9
5.95384 13665
5.95398 13663.1
5.95411 13661.2
5.95424 13659.2
5.95437 13657.3
5.95451 13655.3
5.95464 13653.3
5.95477 13651.3
5.9549 13649.3
5.95504 13647.3
5.95517 13645.3
5.9553 13643.2
5.95543 13641.2
5.95557 13639.1
5.9557 13637
5.95583 13634.9
5.95596 13632.8
5.9561 13630.6
5.95623 13628.5
5.95636 13626.3
5.95649 13624.1
5.95662 13621.9
5.95676 13619.7
5.95689 13617.5
5.95702 13615.3
5.95715 13613
5.95729 13610.7
5.95742 13608.5
5.95755 13606.2
5.95768 13603.9
5.95782 13601.5
5.95795 13599.2
5.95808 13596.9
5.95821 13594.5
5.95835 13592.1
5.95848 13589.7
5.95861 13587.3
5.95874 13584.9
5.95888 13582.4
5.95901 13580
5.95914 13577.5
5.95927 13575
5.9594 13572.5
5.95954 13570
5.95967 13567.5
5.9598 13565
5.95993 13562.4
5.96007 13559.8
5.9602 13557.3
5.96033 13554.7
5.96046 13552
5.9606 13549.4
5.96073 13546.8
5.96086 13544.1
5.96099 13541.4
5.96113 13538.7
5.96126 13536
5.96139 13533.3
5.96152 13530.6
5.96166 13527.8
5.96179 13525
5.96192 13522.3
5.96205 13519.5
5.96218 13516.7
5.96232 13513.8
5.96245 13511
5.96258 13508.1
5.96271 13505.3
5.96285 13502.4
5.96298 13499.5
5.96311 13496.5
5.96324 13493.6
5.96338 13490.7
5.96351 13487.7
5.96364 13484.7
5.96377 13481.7
5.96391 13478.7
5.96404 13475.7
5.96417 13472.6
5.9643 13469.6
5.96444 13466.5
5.96457 13463.4
5.9647 13460.3
5.96483 13457.2
5.96496 13454
5.9651 13450.9
5.96523 13447.7
5.96536 13444.5
5.96549 13441.3
5.96563 13438.1
5.96576 13434.9
5.96589 13431.6
5.96602 13428.4
5.96616 13425.1
5.96629 13421.8
5.96642 13418.5
5.96655 13415.2
5.96669 13411.8
5.96682 13408.5
5.96695 13405.1
5.96708 13401.7
5.96722 13398.3
5.96735 13394.9
5.96748 13391.4
5.96761 13388
5.96774 13384.5
5.96788 13381
5.96801 13377.5
5.96814 13374
5.96827 13370.4
5.96841 13366.9
5.96854 13363.3
5.96867 13359.7
5.9688 13356.1
5.96894 13352.5
5.96907 13348.9
5.9692 13345.2
5.96933 13341.5
5.96947 13337.8
5.9696 13334.1
5.96973 13330.4
5.96986 13326.7
5.96999 13322.9
5.97013 13319.2
5.97026 13315.4
5.97039 13311.6
5.97052 13307.8
5.97066 13303.9
5.97079 13300.1
5.97092 13296.2
5.97105 13292.3
5.97119 13288.4
5.97132 13284.5
5.97145 13280.6
5.97158 13276.6
5.97172 13272.6
5.97185 13268.6
5.97198 13264.6
5.97211 13260.6
5.97225 13256.6
5.97238 13252.5
5.97251 13248.5
5.97264 13244.4
5.97277 13240.3
5.97291 13236.1
5.97304 13232
5.97317 13227.8
5.9733 13223.7
5.97344 13219.5
5.97357 13215.3
5.9737 13211
5.97383 13206.8
5.97397 13202.5
5.9741 13198.2
5.97423 13193.9
5.97436 13189.6
5.9745 13185.3
5.97463 13181
5.97476 13176.6
5.97489 13172.2
5.97503 13167.8
5.97516 13163.4
5.97529 13158.9
5.97542 13154.5
5.97555 13150
5.97569 13145.5
5.97582 13141
5.97595 13136.5
5.97608 13132
5.97622 13127.4
5.97635 13122.8
5.97648 13118.2
5.97661 13113.6
5.97675 13109
5.97688 13104.3
5.97701 13099.7
5.97714 13095
5.97728 13090.3
5.97741 13085.6
5.97754 13080.8
5.97767 13076.1
5.97781 13071.3
5.97794 13066.5
5.97807 13061.7
5.9782 13056.8
5.97833 13052
5.97847 13047.1
5.9786 13042.3
5.97873 13037.4
5.97886 13032.4
5.979 13027.5
5.97913 13022.5
5.97926 13017.6
5.97939 13012.6
5.97953 13007.6
5.97966 13002.5
5.97979 12997.5
5.97992 12992.4
5.98006 12987.3
5.98019 12982.2
5.98032 12977.1
5.98045 12972
5.98059 12966.8
5.98072 12961.6
5.98085 12956.4
5.98098 12951.2
5.98111 12946
5.98125 12940.7
5.98138 12935.5
5.98151 12930.2
5.98164 12924.9
5.98178 12919.5
5.98191 12914.2
5.98204 12908.8
5.98217 12903.5
5.98231 12898.1
5.98244 12892.6
5.98257 12887.2
5.9827 12881.7
5.98284 12876.3
5.98297 12870.8
5.9831 12865.2
5.98323 12859.7
5.98337 12854.2
5.9835 12848.6
5.98363 12843
5.98376 12837.4
5.98389 12831.8
5.98403 12826.1
5.98416 12820.4
5.98429 12814.8
5.98442 12809.1
5.98456 12803.3
5.98469 12797.6
5.98482 12791.8
5.98495 12786
5.98509 12780.2
5.98522 12774.4
5.98535 12768.6
5.98548 12762.7
5.98562 12756.8
5.98575 12750.9
5.98588 12745
5.98601 12739.1
5.98615 12733.1
5.98628 12727.1
5.98641 12721.2
5.98654 12715.1
5.98667 12709.1
5.98681 12703
5.98694 12697
5.98707 12690.9
5.9872 12684.8
5.98734 12678.6
5.98747 12672.5
5.9876 12666.3
5.98773 12660.1
5.98787 12653.9
5.988 12647.7
5.98813 12641.4
5.98826 12635.1
5.9884 12628.8
5.98853 12622.5
5.98866 12616.2
5.98879 12609.8
5.98892 12603.5
5.98906 12597.1
5.98919 12590.7
5.98932 12584.2
5.98945 12577.8
5.98959 12571.3
5.98972 12564.8
5.98985 12558.3
5.98998 12551.8
5.99012 12545.2
5.99025 12538.7
5.99038 12532.1
5.99051 12525.4
5.99065 12518.8
5.99078 12512.2
5.99091 12505.5
5.99104 12498.8
5.99118 12492.1
5.99131 12485.3
5.99144 12478.6
5.99157 12471.8
5.9917 12465
5.99184 12458.2
5.99197 12451.3
5.9921 12444.5
5.99223 12437.6
5.99237 12430.7
5.9925 12423.8
5.99263 12416.8
5.99276 12409.9
5.9929 12402.9
5.99303 12395.9
5.99316 12388.9
5.99329 12381.8
5.99343 12374.8
5.99356 12367.7
5.99369 12360.6
5.99382 12353.4
5.99396 12346.3
5.99409 12339.1
5.99422 12331.9
5.99435 12324.7
5.99448 12317.5
5.99462 12310.2
5.99475 12302.9
5.99488 12295.7
5.99501 12288.3
5.99515 12281
5.99528 12273.6
5.99541 12266.3
5.99554 12258.9
5.99568 12251.4
5.99581 12244
5.99594 12236.5
5.99607 12229
5.99621 12221.5
5.99634 12214
5.99647 12206.4
5.9966 12198.9
5.99674 12191.3
5.99687 12183.7
5.997 12176
